-1 -1 1 1
-1 -1 1 2
1 2 1 1
-1 -1 1 3
1 3 1 2
-1 -1 1 4
1 4 1 3
-1 -1 1 6
1 6 1 7
-1 -1 1 7
1 7 1 6
-1 -1 2 3
2 3 2 4
2 4 1 4
1 4 1 3
-1 -1 2 4
2 4 2 3
2 3 1 3
1 3 1 2
-1 -1 2 8
-1 -1 3 2
3 2 4 2
4 2 4 3
-1 -1 3 4
3 4 3 5
3 4 2 4
2 4 2 3
2 3 1 3
1 3 1 2
-1 -1 3 6
3 6 4 6
4 6 4 7
4 7 5 7
-1 -1 4 6
4 6 4 7
4 7 5 7
-1 -1 4 7
4 7 4 6
4 6 3 6
4 7 5 7
-1 -1 5 4
-1 -1 5 7
5 7 4 7
X O X X X X O O X X 
X O O O O X O O X X 
O X X O O X X X O O 
O X X X O X X X X O 
O X X X X X X X X X 
O X X X O X X O X O 
O O X X X X O X O O 
